100 0.0330000000 0.0000353556
101 0.0300000000 0.0001913259
102 0.0295000000 0.0002166069
103 0.0295000000 0.0000954935
104 0.0285000000 0.0003046271
105 0.0290000000 0.0000497370
106 0.0280000000 0.0001958273
107 0.0280000000 0.0001495236
108 0.0270000000 0.0000461471
109 0.0275000000 0.0001373149
110 0.0270000000 0.0001290766
111 0.0270000000 0.0000300917
112 0.0260000000 0.0000906153
113 0.0260000000 0.0001113870
114 0.0255000000 0.0000509262
115 0.0250000000 0.0001038346
116 0.0255000000 0.0000671269
117 0.0250000000 0.0000402163
118 0.0250000000 0.0000394676
119 0.0240000000 0.0001824640
120 0.0240000000 0.0001290936
121 0.0245000000 0.0000485158
122 0.0240000000 0.0001969915
123 0.0240000000 0.0000384846
124 0.0245000000 0.0000265042
125 0.0240000000 0.0001913403
126 0.0240000000 0.0001913403
127 0.0235000000 0.0000360617
128 0.0235000000 0.0000672519
129 0.0235000000 0.0000672519
130 0.0235000000 0.0000316246