100 0.02550000 0.00514379
101 0.02650000 0.00264868
102 0.02600000 0.00257884
103 0.02600000 0.00190249
104 0.02600000 0.00217008
105 0.02550000 0.00184997
106 0.02500000 0.00249867
107 0.02500000 0.00142616
108 0.02450000 0.00141316
109 0.02400000 0.00168262
110 0.02400000 0.00140010
111 0.02400000 0.00080018
112 0.02400000 0.00078856
113 0.02400000 0.00042701
114 0.02400000 0.00020573
115 0.02400000 0.00010054
116 0.02400000 0.00015708
117 0.02400000 0.00001634
118 0.02400000 0.00001119
119 0.02400000 0.00002371
120 0.02400000 0.00004101
121 0.02400000 0.00000549
122 0.02400000 0.00000752
123 0.02400000 0.00000330
124 0.02400000 0.00001190
125 0.02400000 0.00000784
126 0.02400000 0.00000396
127 0.02400000 0.00000416
128 0.02400000 0.00000396
129 0.02400000 0.00000133
130 0.02400000 0.00000287